# j=16	jp=18
Stats: (deg)
	avg = 13.501007
	var = 12.310800
	std = 9.129462
