# j=10	jp=18
Stats: (deg)
	avg = 42.096828
	var = 64.017793
	std = 33.088064
